0 0.425045 0.216655 0.061371 0.098848
0 0.477498 0.352580 0.073105 0.074955
0 0.602899 0.622930 0.119551 0.154394
0 0.476131 0.114465 0.053418 0.064367
0 0.371490 0.790202 0.151917 0.263807
0 0.209452 0.417711 0.097512 0.095496
0 0.879095 0.580192 0.122155 0.100988
0 0.637105 0.419785 0.069023 0.082241
0 0.293886 0.142275 0.029569 0.079762
0 0.725488 0.093484 0.023419 0.061739
0 0.791014 0.387134 0.077564 0.076081
0 0.565032 0.370147 0.057167 0.070198
0 0.283506 0.388045 0.070458 0.119228
0 0.697474 0.096189 0.079263 0.068281
