0 0.915273 0.638884 0.064822 0.065131
0 0.384500 0.639414 0.051601 0.062632
0 0.278636 0.698751 0.041461 0.058055
0 0.807606 0.559839 0.031149 0.030008
0 0.123255 0.625930 0.059945 0.056642
0 0.591079 0.701081 0.029010 0.032368
0 0.855389 0.693529 0.080583 0.106904
0 0.720092 0.664132 0.057077 0.081110
0 0.860728 0.492446 0.031494 0.029558
0 0.787048 0.720105 0.034272 0.053956
0 0.687165 0.593229 0.022424 0.027189
0 0.122363 0.642978 0.062893 0.090773
0 0.742544 0.605934 0.022606 0.026966
0 0.980902 0.692680 0.037024 0.059849
0 0.710561 0.612033 0.018429 0.025164
0 0.770606 0.574586 0.027545 0.037270
0 0.821952 0.650488 0.037633 0.052894
