0 0.333084 0.381388 0.070029 0.078306
0 0.110638 0.410618 0.065690 0.065518
0 0.504888 0.402675 0.041538 0.050789
0 0.683793 0.413574 0.058233 0.056553
0 0.047923 0.431814 0.065391 0.062300
0 0.637830 0.462519 0.039045 0.048376
0 0.867934 0.454404 0.037260 0.040664
0 0.939928 0.476785 0.041648 0.043135
0 0.593014 0.458655 0.032688 0.029308
0 0.903874 0.458415 0.037364 0.043550
0 0.162986 0.456337 0.030622 0.033060
0 0.412086 0.475075 0.023861 0.026512
0 0.435034 0.469051 0.019593 0.023835
0 0.005343 0.465539 0.010555 0.024108
0 0.280410 0.465013 0.026840 0.036739
