0 0.699067 0.160627 0.072464 0.078068
0 0.491129 0.207879 0.078246 0.083436
0 0.589421 0.469541 0.087524 0.084243
0 0.929456 0.815429 0.106062 0.109461
0 0.358111 0.178518 0.071964 0.085055
0 0.108695 0.217694 0.085526 0.090761
0 0.362232 0.098731 0.065937 0.070114
0 0.639235 0.819683 0.086195 0.115569
0 0.301213 0.435598 0.075066 0.088636
0 0.203080 0.337476 0.080106 0.094173
0 0.469821 0.513888 0.078693 0.080711
0 0.301215 0.581417 0.083949 0.112520
0 0.557371 0.599291 0.092941 0.111113
0 0.580391 0.208477 0.069045 0.080235
0 0.524717 0.075087 0.061881 0.069541
0 0.294395 0.330675 0.084677 0.091558
0 0.274447 0.250486 0.066713 0.079435
0 0.662558 0.084216 0.068133 0.098727
0 0.449067 0.679647 0.086267 0.091216
0 0.410829 0.382834 0.085208 0.091948
0 0.508406 0.767736 0.061053 0.078991
0 0.031520 0.321085 0.062532 0.101674
0 0.209077 0.136972 0.063786 0.079477
0 0.321660 0.682411 0.090030 0.095127
