0 0.183600 0.134859 0.093171 0.105675
0 0.031221 0.157602 0.062127 0.109055
0 0.177285 0.594479 0.124755 0.163859
0 0.113910 0.331667 0.109667 0.136282
0 0.823758 0.202280 0.087260 0.089812
0 0.645568 0.639873 0.140995 0.168358
0 0.718344 0.250889 0.103830 0.111396
0 0.509346 0.070459 0.080520 0.085567
0 0.562692 0.334193 0.103331 0.119476
0 0.318769 0.287267 0.094555 0.103586
0 0.822886 0.054747 0.094488 0.109237
0 0.849189 0.525767 0.114207 0.166090
0 0.507866 0.242851 0.098572 0.105228
0 0.743720 0.642219 0.084179 0.131631
0 0.869275 0.113188 0.091614 0.092098
0 0.959712 0.092903 0.078831 0.085379
0 0.335247 0.053858 0.095773 0.107143
0 0.812791 0.448855 0.113611 0.129823
0 0.713649 0.973479 0.094790 0.051875
0 0.712396 0.161956 0.093200 0.094806
0 0.984634 0.914711 0.028865 0.133450
0 0.155305 0.839278 0.102126 0.138790
0 0.531976 0.819781 0.114501 0.140845
0 0.957257 0.518950 0.083368 0.109337
0 0.460601 0.161713 0.087712 0.100225
