0 0.817155 0.390878 0.081536 0.072457
0 0.940552 0.354521 0.102024 0.092071
0 0.455106 0.412782 0.063029 0.061266
0 0.631666 0.375368 0.049876 0.058671
0 0.243348 0.440809 0.032428 0.037460
0 0.172497 0.422804 0.028991 0.031211
0 0.366508 0.431256 0.033136 0.033867
0 0.657399 0.427443 0.028372 0.031265
0 0.318442 0.424372 0.051915 0.055800
0 0.505272 0.428034 0.037026 0.036457
0 0.597758 0.416279 0.023059 0.031658
0 0.316493 0.434905 0.059815 0.077050
0 0.295339 0.456254 0.018914 0.036943
0 0.505569 0.438677 0.040232 0.057818
