1 0.917137 0.267203 0.113440 0.437822
1 0.827985 0.170308 0.089838 0.264355
1 0.968944 0.283709 0.061191 0.436771
1 0.102673 0.133991 0.093802 0.260470
1 0.756334 0.841143 0.200944 0.315688
1 0.596378 0.867334 0.124980 0.263049
1 0.622635 0.252281 0.073618 0.213760
1 0.551681 0.254731 0.070888 0.226202
1 0.481498 0.847249 0.111142 0.303714
1 0.700457 0.246549 0.078493 0.189441
1 0.485512 0.239749 0.065509 0.226679
1 0.196140 0.770911 0.158721 0.395311
1 0.250582 0.688369 0.110702 0.328371
1 0.057233 0.161445 0.108419 0.274550
1 0.191464 0.733567 0.172025 0.471358
1 0.382606 0.835590 0.116026 0.327535
