3 0.406976 0.735756 0.082229 0.446896
3 0.551447 0.634934 0.097725 0.540322
3 0.253405 0.588698 0.128694 0.606117
3 0.710169 0.198932 0.048152 0.275238
3 0.546922 0.202551 0.030048 0.213257
3 0.943573 0.445594 0.067952 0.753790
3 0.787019 0.201457 0.035374 0.237670
3 0.883317 0.197870 0.057150 0.252578
3 0.751046 0.194105 0.064213 0.281606
3 0.686333 0.183327 0.028559 0.214241
3 0.330663 0.522954 0.079598 0.395391
3 0.657924 0.191236 0.058856 0.282329
3 0.065361 0.552457 0.074509 0.469634
3 0.434999 0.521652 0.028423 0.335009
3 0.656285 0.508265 0.101972 0.921280
3 0.885251 0.461624 0.063547 0.782289
3 0.571375 0.198634 0.024806 0.219386
