3 0.894843 0.320254 0.210015 0.639831
3 0.678072 0.293018 0.260947 0.550279
3 0.493580 0.284393 0.226527 0.452122
3 0.777798 0.074116 0.074265 0.148054
3 0.362752 0.300954 0.181804 0.363194
3 0.537259 0.085723 0.073861 0.171236
3 0.493050 0.094927 0.072788 0.167338
3 0.698107 0.078450 0.088232 0.156592
3 0.616947 0.078283 0.084932 0.156695
3 0.563483 0.744414 0.181926 0.432141
3 0.254455 0.135032 0.057611 0.118471
3 0.346763 0.121415 0.062018 0.138673
3 0.383634 0.116121 0.052224 0.152648
3 0.412650 0.671493 0.194464 0.368619
3 0.720402 0.753554 0.236397 0.368681
3 0.041394 0.285402 0.082243 0.216595
3 0.222661 0.141164 0.055506 0.111117
3 0.424737 0.106243 0.083162 0.146799
3 0.306767 0.121772 0.056856 0.119751
3 0.222860 0.281718 0.160390 0.333886
3 0.022689 0.282768 0.045332 0.228422
3 0.090105 0.277558 0.102759 0.264375
