1 0.260933 0.657883 0.175296 0.346521
1 0.937236 0.668840 0.123463 0.245223
1 0.494384 0.695118 0.094797 0.223629
1 0.655814 0.511268 0.116540 0.266632
1 0.612430 0.632251 0.085213 0.247425
1 0.060420 0.595639 0.119614 0.341378
1 0.791721 0.744521 0.117591 0.224682
1 0.117428 0.565590 0.172607 0.238251
1 0.797267 0.549079 0.099290 0.276322
1 0.330599 0.596925 0.118492 0.217740
1 0.546842 0.543536 0.073891 0.283900
1 0.710300 0.622398 0.098572 0.255292
1 0.435689 0.555654 0.079389 0.248497
1 0.945892 0.528637 0.104920 0.253029
1 0.115536 0.732657 0.136967 0.202262
1 0.873639 0.550776 0.124779 0.249208
