1 0.574501 0.462833 0.089640 0.612065
1 0.947691 0.469385 0.099864 0.651337
1 0.223711 0.543515 0.170630 0.792807
1 0.764172 0.446687 0.181190 0.769312
1 0.507640 0.600944 0.129692 0.551865
1 0.864042 0.495398 0.092317 0.620004
1 0.080649 0.609246 0.130871 0.557970
1 0.981760 0.473991 0.034713 0.608147
1 0.033371 0.636054 0.066313 0.592444
1 0.415365 0.430507 0.117357 0.646922
1 0.389615 0.701312 0.103146 0.394565
1 0.485375 0.441970 0.109491 0.644862
1 0.768575 0.498993 0.104804 0.664716
1 0.205608 0.543713 0.135353 0.790112
