3 0.625352 0.468579 0.081990 0.194852
3 0.574062 0.468127 0.085715 0.210142
3 0.522955 0.467705 0.090330 0.230442
3 0.676915 0.468699 0.079252 0.182166
3 0.890554 0.469224 0.071843 0.149069
3 0.835681 0.469332 0.073820 0.155409
3 0.471451 0.467093 0.097080 0.254557
3 0.781605 0.469529 0.074362 0.161646
3 0.420832 0.466832 0.103067 0.286797
3 0.729181 0.469297 0.076431 0.171178
3 0.947443 0.469910 0.070872 0.143918
3 0.368189 0.466397 0.112828 0.327631
3 0.077019 0.531955 0.152861 0.923788
3 0.985160 0.470032 0.028772 0.138918
3 0.203550 0.462228 0.174958 0.585595
3 0.260299 0.463967 0.146399 0.463880
3 0.314523 0.465629 0.126498 0.384153
3 0.141689 0.458934 0.220518 0.790655
3 0.115974 0.533792 0.231050 0.930236
