3 0.534918 0.437136 0.030610 0.056805
3 0.587470 0.426331 0.026021 0.045670
3 0.777896 0.732602 0.190038 0.336957
3 0.646127 0.412648 0.020978 0.037514
3 0.555408 0.534423 0.062972 0.129006
3 0.628404 0.419088 0.022256 0.039220
3 0.359001 0.509903 0.100290 0.114626
3 0.387523 0.496693 0.041610 0.056906
3 0.670401 0.408578 0.017531 0.030769
3 0.709930 0.394704 0.014309 0.026720
3 0.685131 0.405447 0.016716 0.029613
3 0.872579 0.385926 0.010351 0.013865
3 0.896372 0.390133 0.011047 0.013579
3 0.908922 0.390535 0.010585 0.015336
3 0.697294 0.400592 0.014224 0.023243
3 0.818065 0.377690 0.009440 0.011168
3 0.980937 0.400474 0.016081 0.024832
3 0.858047 0.384287 0.009545 0.013948
3 0.580586 0.554994 0.113407 0.170643
