3 0.940784 0.419656 0.117256 0.364020
3 0.077774 0.515661 0.088752 0.312479
3 0.148463 0.480540 0.087062 0.327166
3 0.032715 0.543554 0.065282 0.277669
3 0.495610 0.433935 0.057264 0.285932
3 0.386124 0.408780 0.098750 0.407157
3 0.789441 0.379882 0.108219 0.422815
3 0.699149 0.293380 0.109782 0.428977
3 0.631986 0.379380 0.051756 0.279733
3 0.548772 0.370420 0.095933 0.404503
3 0.271909 0.531074 0.074154 0.316233
3 0.606039 0.426204 0.029480 0.186432
3 0.329185 0.543212 0.031350 0.139164
3 0.885521 0.408582 0.097606 0.385957
3 0.218771 0.581986 0.024656 0.188605
3 0.197095 0.535094 0.024101 0.234879
3 0.258966 0.548766 0.041211 0.223133
3 0.005744 0.513210 0.011472 0.156528
