3 0.715791 0.114237 0.071620 0.143035
3 0.802337 0.273514 0.115375 0.243813
3 0.252953 0.760434 0.106528 0.475350
3 0.685596 0.053174 0.050414 0.102626
3 0.500426 0.144495 0.088749 0.163865
3 0.539849 0.069109 0.048170 0.118514
3 0.928020 0.494643 0.087615 0.308924
3 0.565713 0.023886 0.027246 0.047597
3 0.434470 0.318470 0.052960 0.268313
3 0.652252 0.020895 0.024713 0.041899
3 0.660165 0.031391 0.034105 0.060814
3 0.637721 0.010245 0.026694 0.020294
3 0.906338 0.538272 0.178453 0.398034
3 0.554445 0.035402 0.033500 0.069470
3 0.574965 0.012534 0.017886 0.022034
