3 0.182297 0.261337 0.099985 0.226875
3 0.050975 0.242324 0.099454 0.217756
3 0.388522 0.138044 0.058421 0.143132
3 0.384448 0.443255 0.137236 0.357094
3 0.097855 0.450800 0.094038 0.359827
3 0.522186 0.649284 0.209048 0.553155
3 0.846866 0.149378 0.060135 0.147149
3 0.750234 0.147821 0.057732 0.146563
3 0.320395 0.282270 0.100529 0.247092
3 0.574729 0.338678 0.100006 0.278510
3 0.150505 0.127819 0.046762 0.142441
3 0.646605 0.437477 0.140950 0.357392
3 0.473880 0.140494 0.057035 0.141599
3 0.744349 0.383271 0.136381 0.311070
3 0.651304 0.156214 0.059314 0.123335
3 0.962062 0.428450 0.074754 0.340415
3 0.450240 0.313627 0.090210 0.262569
3 0.892217 0.636787 0.214105 0.553926
3 0.161473 0.659020 0.216979 0.556919
3 0.566229 0.141739 0.060423 0.146721
3 0.077423 0.124355 0.048247 0.140156
3 0.309185 0.134881 0.054922 0.143671
3 0.951490 0.150648 0.062757 0.152020
3 0.238828 0.131791 0.059888 0.142616
3 0.015496 0.108537 0.031098 0.135432
3 0.171085 0.608341 0.132997 0.451994
3 0.311421 0.148425 0.059370 0.116321
3 0.009299 0.142854 0.018619 0.095295
