3 0.666834 0.790810 0.099503 0.206243
3 0.299940 0.793490 0.101128 0.210849
3 0.605999 0.810956 0.042832 0.139491
3 0.358810 0.810498 0.061440 0.145350
3 0.852019 0.741230 0.220904 0.418636
3 0.432182 0.836629 0.018939 0.065729
3 0.571852 0.822933 0.030667 0.110135
3 0.417922 0.834521 0.015554 0.075412
3 0.553985 0.829382 0.018952 0.089542
3 0.525233 0.837618 0.015653 0.059621
3 0.389549 0.820626 0.028175 0.108202
3 0.537179 0.833287 0.021336 0.073433
3 0.406282 0.829389 0.019155 0.086422
3 0.128444 0.744329 0.217121 0.413135
