3 0.763954 0.508964 0.172455 0.161731
3 0.715934 0.421256 0.071749 0.090322
3 0.831603 0.910933 0.221222 0.177059
3 0.876505 0.339673 0.019587 0.021643
3 0.910349 0.338355 0.015399 0.018557
3 0.845519 0.341108 0.022140 0.023482
3 0.781312 0.355155 0.026718 0.037111
3 0.803300 0.349856 0.022211 0.030815
3 0.821907 0.345860 0.022730 0.028188
3 0.982101 0.334447 0.011782 0.013240
3 0.935896 0.335673 0.011894 0.015902
3 0.961035 0.335864 0.013105 0.013979
3 0.759624 0.366624 0.040421 0.045311
3 0.759706 0.358258 0.021728 0.029583
3 0.756231 0.383533 0.045900 0.060686
3 0.758700 0.355125 0.019466 0.023534
