3 0.776618 0.794911 0.016894 0.044038
3 0.698710 0.794356 0.015743 0.041956
3 0.967994 0.796719 0.016841 0.050946
3 0.112934 0.778418 0.012876 0.038462
3 0.620959 0.797592 0.005645 0.020617
3 0.822163 0.802196 0.007451 0.018641
3 0.918116 0.804256 0.006882 0.012662
3 0.940787 0.807210 0.012803 0.013891
3 0.604391 0.802128 0.013713 0.014613
3 0.840620 0.806691 0.012277 0.013388
3 0.957086 0.804664 0.006902 0.021572
3 0.471083 0.502244 0.259718 0.777453
3 0.008624 0.776793 0.017131 0.077074
3 0.996306 0.801255 0.007085 0.026777
3 0.008474 0.791130 0.016641 0.047145
