3 0.059888 0.669307 0.016227 0.049012
3 0.147577 0.898188 0.055653 0.201229
3 0.114491 0.661023 0.013976 0.043183
3 0.304435 0.751502 0.032545 0.105057
3 0.165620 0.654395 0.011353 0.037022
3 0.368479 0.693799 0.019685 0.063059
3 0.198990 0.650148 0.010446 0.033343
3 0.415243 0.656557 0.010104 0.030999
3 0.222010 0.647529 0.009799 0.030571
3 0.425055 0.648971 0.009542 0.028134
3 0.391634 0.679983 0.007311 0.029359
3 0.241629 0.646811 0.009302 0.026655
3 0.255592 0.645245 0.007954 0.023218
3 0.285547 0.642446 0.007947 0.019096
3 0.272918 0.643143 0.007487 0.021139
3 0.296397 0.640932 0.007013 0.018749
3 0.304127 0.641033 0.005916 0.016989
