3 0.911257 0.745349 0.026219 0.037415
3 0.909719 0.838519 0.065201 0.097793
3 0.626970 0.740053 0.023340 0.034131
3 0.662309 0.887432 0.093473 0.131722
3 0.868523 0.740677 0.022799 0.041944
3 0.699283 0.738568 0.024634 0.037033
3 0.601882 0.792153 0.044332 0.064997
3 0.284409 0.760480 0.013294 0.034140
3 0.797045 0.790747 0.048192 0.068037
3 0.577349 0.776355 0.033915 0.054666
3 0.469790 0.742494 0.017593 0.041349
3 0.571833 0.749789 0.022120 0.041100
3 0.599196 0.844262 0.066505 0.084692
3 0.332033 0.759685 0.014984 0.033099
3 0.840466 0.758767 0.023004 0.047562
