3 0.304549 0.785382 0.059870 0.155501
3 0.339511 0.778475 0.045483 0.158414
3 0.024609 0.815963 0.048877 0.175320
3 0.450614 0.758405 0.056878 0.154087
3 0.186101 0.745796 0.054117 0.137104
3 0.409199 0.713543 0.036029 0.074771
3 0.025514 0.660683 0.050769 0.149740
3 0.228607 0.686235 0.037242 0.107742
3 0.846452 0.673796 0.030344 0.075939
3 0.912439 0.647748 0.063917 0.160423
3 0.736693 0.646377 0.028492 0.149947
3 0.662547 0.715954 0.036191 0.132202
3 0.200036 0.705166 0.019353 0.068128
3 0.263519 0.742745 0.050742 0.137224
3 0.138208 0.563821 0.032230 0.066319
3 0.544210 0.737914 0.038464 0.140105
3 0.525631 0.742592 0.052610 0.139742
3 0.863969 0.665279 0.023812 0.059485
3 0.436908 0.716564 0.022779 0.071551
3 0.880435 0.656146 0.023088 0.057895
3 0.639351 0.722354 0.028978 0.122066
3 0.776305 0.611976 0.048808 0.114697
3 0.613476 0.726205 0.037790 0.131837
3 0.592185 0.728764 0.050366 0.131893
3 0.859527 0.600279 0.028300 0.106205
3 0.618991 0.705451 0.024300 0.112028
3 0.613374 0.726345 0.038004 0.131583
3 0.012629 0.853446 0.025137 0.112108
