3 0.076548 0.544901 0.141893 0.131790
3 0.524808 0.444796 0.135374 0.111105
3 0.262334 0.260279 0.072834 0.072162
3 0.357799 0.560106 0.134099 0.127900
3 0.135139 0.259143 0.086862 0.072075
3 0.663993 0.395381 0.122103 0.100321
3 0.769517 0.347676 0.109488 0.091026
3 0.853465 0.310676 0.100953 0.082819
3 0.389052 0.252371 0.084416 0.069506
3 0.802340 0.134466 0.049687 0.042380
3 0.913909 0.094786 0.037595 0.033401
3 0.335788 0.494490 0.142271 0.121001
3 0.853153 0.144098 0.051179 0.043997
3 0.439626 0.121000 0.046786 0.042243
3 0.855034 0.089218 0.040336 0.033526
3 0.905461 0.154413 0.053795 0.045736
3 0.034016 0.251357 0.067505 0.071679
3 0.489473 0.238689 0.083370 0.068885
3 0.920160 0.281082 0.076467 0.076293
3 0.757172 0.125429 0.044376 0.039992
3 0.574445 0.147067 0.050041 0.046343
3 0.483995 0.129933 0.050833 0.044186
3 0.390985 0.114574 0.047002 0.039725
3 0.342554 0.107779 0.043483 0.038836
3 0.081250 0.131921 0.053913 0.044666
3 0.529167 0.138961 0.047458 0.043819
3 0.687243 0.111396 0.039869 0.036489
3 0.764926 0.080594 0.039072 0.033356
3 0.966818 0.256023 0.054200 0.069489
3 0.342363 0.068412 0.029233 0.029145
3 0.721448 0.118155 0.041351 0.037815
3 0.812478 0.085511 0.038568 0.033609
3 0.539615 0.227198 0.063175 0.062861
3 0.586959 0.091069 0.038672 0.033958
3 0.129392 0.126399 0.053387 0.044075
3 0.656510 0.103509 0.038624 0.036705
3 0.382290 0.063728 0.029010 0.029287
3 0.626143 0.098026 0.034993 0.034303
3 0.268443 0.099718 0.034265 0.035354
3 0.410593 0.060677 0.023663 0.028191
3 0.466871 0.055340 0.019874 0.025339
3 0.300969 0.104143 0.035499 0.037291
3 0.734239 0.077426 0.026810 0.029336
3 0.438475 0.057938 0.021484 0.027222
3 0.908335 0.042999 0.022155 0.020788
3 0.631136 0.190535 0.053644 0.056364
3 0.706290 0.071979 0.029017 0.031797
3 0.611164 0.157646 0.036767 0.046246
3 0.540252 0.088982 0.035342 0.028685
3 0.588476 0.208506 0.068760 0.062586
3 0.156447 0.120891 0.039669 0.041296
