3 0.824736 0.773284 0.068774 0.082364
3 0.414329 0.764407 0.059764 0.069001
3 0.317547 0.753776 0.049622 0.063125
3 0.760165 0.737379 0.034922 0.044433
3 0.487853 0.726022 0.020520 0.032379
3 0.161332 0.738105 0.036177 0.048097
3 0.866272 0.741278 0.048699 0.051167
3 0.056587 0.727521 0.028399 0.037356
3 0.587076 0.775123 0.073276 0.080711
3 0.133222 0.731949 0.033135 0.043783
3 0.018819 0.717492 0.027025 0.045425
3 0.605299 0.723762 0.016591 0.022740
3 0.072189 0.705295 0.014401 0.020884
3 0.227057 0.745554 0.047006 0.054296
3 0.100888 0.709816 0.011559 0.016185
3 0.049457 0.704395 0.014162 0.020229
