3 0.913420 0.699518 0.072200 0.238438
3 0.208951 0.380363 0.038919 0.100149
3 0.062136 0.431491 0.051455 0.126072
3 0.975783 0.301105 0.022173 0.080498
3 0.087222 0.426326 0.031746 0.126565
3 0.962107 0.439756 0.023138 0.097857
3 0.743106 0.328476 0.040294 0.116443
3 0.938651 0.460447 0.034372 0.140644
3 0.936477 0.810579 0.085630 0.300672
3 0.017077 0.302097 0.033934 0.105422
3 0.093545 0.315228 0.033741 0.108877
3 0.186582 0.246083 0.022383 0.050873
3 0.149686 0.282973 0.030749 0.086724
3 0.278861 0.251241 0.015959 0.054479
3 0.043016 0.288361 0.028957 0.094845
3 0.256478 0.393029 0.017940 0.074507
3 0.223022 0.351353 0.012907 0.047006
3 0.267398 0.253774 0.014114 0.054012
3 0.128941 0.253324 0.025254 0.085181
3 0.918939 0.353589 0.029554 0.078127
3 0.950436 0.892766 0.089364 0.212194
3 0.685000 0.288059 0.016223 0.065805
3 0.242660 0.337685 0.023499 0.076028
