3 0.365588 0.563406 0.027456 0.078405
3 0.500357 0.586991 0.025595 0.055079
3 0.460906 0.630315 0.033111 0.113188
3 0.434938 0.632812 0.044227 0.114086
3 0.342571 0.603615 0.040929 0.101144
3 0.870007 0.549168 0.042656 0.119354
3 0.201625 0.653616 0.051764 0.126877
3 0.225361 0.648417 0.034680 0.128977
3 0.396893 0.602375 0.041043 0.101209
3 0.522971 0.588829 0.017053 0.053538
3 0.030636 0.679894 0.054347 0.141905
3 0.973007 0.507487 0.025445 0.052715
3 0.054219 0.675212 0.039414 0.141886
3 0.291174 0.476409 0.022754 0.048614
3 0.940172 0.501676 0.016289 0.047846
3 0.129365 0.540591 0.041269 0.086158
3 0.115345 0.525411 0.029939 0.092660
3 0.066260 0.475707 0.013378 0.050150
3 0.212581 0.542018 0.033894 0.111486
3 0.383019 0.484372 0.021268 0.050707
3 0.464088 0.468857 0.019545 0.042948
3 0.983078 0.807566 0.033326 0.288110
3 0.188364 0.484194 0.023515 0.051527
3 0.183210 0.485020 0.014279 0.049531
3 0.235461 0.497953 0.019716 0.057475
3 0.265230 0.513174 0.021488 0.080559
3 0.443555 0.509432 0.023641 0.074706
3 0.917499 0.495674 0.013049 0.042166
3 0.924919 0.498433 0.015837 0.048368
3 0.326920 0.480517 0.021722 0.050474
3 0.425956 0.510534 0.022449 0.074031
3 0.246489 0.511648 0.026781 0.082899
3 0.151878 0.518183 0.029878 0.089115
3 0.531073 0.618113 0.034227 0.110070
3 0.538812 0.617882 0.018920 0.108068
