3 0.641547 0.640722 0.050839 0.149479
3 0.540476 0.641805 0.048251 0.142539
3 0.431630 0.588400 0.030500 0.127521
3 0.592351 0.643549 0.047924 0.141899
3 0.312511 0.650671 0.053337 0.149144
3 0.490048 0.642229 0.048129 0.141374
3 0.257830 0.643312 0.051699 0.164451
3 0.381428 0.570789 0.033864 0.129037
3 0.203863 0.642637 0.059815 0.164914
3 0.152368 0.634637 0.056938 0.176403
3 0.178205 0.606554 0.025127 0.129801
3 0.279595 0.548851 0.031963 0.137333
3 0.228136 0.617579 0.028296 0.148677
3 0.331414 0.561554 0.028112 0.130302
3 0.509010 0.627824 0.023600 0.119181
3 0.159037 0.620907 0.044595 0.150417
