3 0.114279 0.907164 0.071927 0.183129
3 0.533902 0.824168 0.039085 0.145147
3 0.505722 0.831427 0.057750 0.142423
3 0.306277 0.868143 0.065817 0.161320
3 0.895027 0.775928 0.047780 0.128147
3 0.676965 0.766152 0.045954 0.114261
3 0.870244 0.739468 0.029311 0.062885
3 0.719692 0.717677 0.027506 0.088598
3 0.800022 0.793139 0.037136 0.131538
3 0.334465 0.860877 0.044927 0.159977
3 0.771345 0.798514 0.049521 0.128972
3 0.270350 0.611343 0.015911 0.060241
3 0.740075 0.763810 0.038540 0.114194
3 0.290151 0.610201 0.018121 0.066059
3 0.695668 0.733515 0.020111 0.056991
3 0.246324 0.608325 0.023329 0.063940
3 0.975364 0.759680 0.032703 0.116383
3 0.958848 0.764057 0.042292 0.115083
3 0.762371 0.624438 0.027596 0.056150
3 0.752606 0.623831 0.015841 0.055156
3 0.804832 0.652425 0.026868 0.083532
3 0.970577 0.760440 0.041936 0.117547
3 0.599888 0.661141 0.022573 0.092093
3 0.902891 0.740711 0.016637 0.059529
3 0.250227 0.607015 0.015903 0.060924
