1 0.076867 0.637174 0.144430 0.452240
1 0.443395 0.596322 0.078286 0.389385
1 0.949428 0.567566 0.099384 0.388669
1 0.304803 0.617514 0.084582 0.359013
1 0.639375 0.621831 0.100321 0.363321
1 0.174253 0.616764 0.131087 0.359903
1 0.387002 0.627778 0.106283 0.394208
1 0.554511 0.564543 0.130048 0.410716
1 0.524192 0.621069 0.100166 0.377523
1 0.828687 0.618645 0.101217 0.341935
1 0.706424 0.588378 0.109046 0.384156
1 0.902942 0.620242 0.127099 0.372243
1 0.190912 0.616829 0.097157 0.358809
1 0.755571 0.640439 0.120436 0.405684
