1 0.568055 0.348749 0.084951 0.453917
1 0.943286 0.493204 0.085429 0.454220
1 0.067756 0.348135 0.084920 0.454200
1 0.317856 0.348650 0.085223 0.453463
1 0.692693 0.882244 0.083912 0.232565
1 0.193183 0.492757 0.085258 0.453965
1 0.192648 0.882343 0.083727 0.232296
1 0.693261 0.493135 0.084949 0.454032
1 0.942780 0.882659 0.083391 0.232360
1 0.817980 0.348615 0.085071 0.453809
1 0.567561 0.810023 0.084120 0.376078
1 0.442515 0.882255 0.083948 0.232345
1 0.067493 0.810082 0.084316 0.376577
1 0.443227 0.493113 0.085396 0.454030
1 0.817650 0.810133 0.083923 0.375820
1 0.317498 0.809980 0.084421 0.376047
