1 0.059210 0.602641 0.115901 0.751844
1 0.691929 0.512668 0.121548 0.727411
1 0.325011 0.480454 0.109506 0.700257
1 0.582293 0.358532 0.128204 0.688073
1 0.129697 0.657241 0.149912 0.681034
1 0.771144 0.578284 0.129378 0.829220
1 0.246320 0.629749 0.141065 0.735827
1 0.185254 0.310966 0.171483 0.290128
1 0.911805 0.614706 0.174323 0.766029
1 0.434308 0.450265 0.135682 0.699190
1 0.748245 0.578551 0.176492 0.831235
1 0.545086 0.537983 0.143761 0.771718
1 0.561016 0.358636 0.170902 0.689170
1 0.406799 0.613733 0.125613 0.744080
1 0.933321 0.615031 0.130952 0.764452
