1 0.303371 0.486281 0.105656 0.699013
1 0.226743 0.632313 0.140930 0.730986
1 0.048914 0.604948 0.097474 0.748092
1 0.673865 0.521163 0.113767 0.722348
1 0.161115 0.315096 0.162843 0.288837
1 0.889220 0.620629 0.178012 0.754468
1 0.749379 0.585743 0.128010 0.819276
1 0.110194 0.659854 0.149786 0.675875
1 0.411077 0.459448 0.125982 0.697488
1 0.563070 0.366638 0.125734 0.683808
1 0.525008 0.543510 0.145069 0.767372
1 0.386672 0.617779 0.125834 0.743387
1 0.726268 0.585488 0.174569 0.821031
1 0.911579 0.620835 0.132313 0.753188
