3 0.734855 0.661830 0.107407 0.241519
3 0.837519 0.565477 0.100833 0.191281
3 0.787422 0.607789 0.114377 0.220535
3 0.680346 0.734614 0.268940 0.316112
3 0.670862 0.400512 0.024556 0.059710
3 0.719079 0.419625 0.024413 0.057946
3 0.875179 0.531068 0.087747 0.164418
3 0.900778 0.476657 0.048070 0.137472
3 0.792299 0.444853 0.038418 0.053165
3 0.696053 0.408365 0.027206 0.065403
3 0.617658 0.369410 0.016480 0.033885
3 0.912891 0.479099 0.073334 0.141940
3 0.862141 0.530880 0.060631 0.163294
3 0.887710 0.505108 0.069215 0.148172
