3 0.252712 0.589110 0.128970 0.607527
3 0.329064 0.523731 0.078369 0.393624
3 0.407783 0.738709 0.081804 0.449881
3 0.549434 0.201560 0.033955 0.212658
3 0.709120 0.199771 0.049668 0.276219
3 0.100808 0.169465 0.038339 0.190043
3 0.787248 0.199995 0.037873 0.238152
3 0.685064 0.173721 0.026500 0.196440
3 0.651049 0.505374 0.115671 0.922597
3 0.551816 0.633686 0.098628 0.536919
3 0.066668 0.572944 0.077106 0.427174
3 0.943821 0.444160 0.068751 0.754721
3 0.143852 0.409272 0.075667 0.699672
3 0.618674 0.192593 0.044347 0.270503
3 0.571859 0.197412 0.028443 0.214900
3 0.826929 0.476547 0.077604 0.830592
3 0.066745 0.444735 0.080870 0.681339
3 0.215085 0.132977 0.059984 0.172613
3 0.751819 0.195066 0.069770 0.284948
3 0.502111 0.432500 0.069525 0.706058
3 0.210317 0.423323 0.071978 0.676633
3 0.503157 0.203866 0.066003 0.237362
3 0.886157 0.464923 0.064107 0.776138
3 0.751906 0.503741 0.094133 0.901407
