3 0.795746 0.120056 0.077143 0.199125
3 0.398930 0.242387 0.146595 0.401283
3 0.892662 0.408610 0.214471 0.698306
3 0.641920 0.106501 0.050770 0.174936
3 0.205459 0.186353 0.082202 0.298298
3 0.452028 0.088538 0.037616 0.136276
3 0.159483 0.165889 0.064415 0.270280
3 0.081872 0.138800 0.046950 0.233428
3 0.488757 0.093304 0.034843 0.148664
3 0.274418 0.204508 0.116935 0.337133
3 0.048313 0.128696 0.055588 0.216943
3 0.873773 0.126995 0.070645 0.214242
3 0.115308 0.149984 0.052262 0.246013
3 0.686499 0.330802 0.215698 0.556453
3 0.329267 0.075572 0.027129 0.115314
3 0.593077 0.102965 0.057932 0.164327
3 0.358864 0.079154 0.032826 0.121490
3 0.728952 0.112904 0.047355 0.185742
3 0.518919 0.741517 0.105868 0.438732
3 0.027065 0.117164 0.040357 0.200724
3 0.137931 0.056881 0.024375 0.088315
3 0.419762 0.084829 0.028002 0.131999
3 0.662390 0.797920 0.168098 0.404693
3 0.535330 0.098932 0.045990 0.156876
3 0.303758 0.074487 0.033397 0.114528
3 0.012302 0.113933 0.024683 0.185519
3 0.234410 0.066255 0.022063 0.104858
3 0.524476 0.276523 0.182382 0.461243
3 0.386915 0.081656 0.024839 0.125760
3 0.193074 0.060159 0.022194 0.093699
3 0.250249 0.066340 0.018779 0.104293
3 0.014826 0.299936 0.029517 0.157902
3 0.114654 0.400041 0.046470 0.242627
3 0.954008 0.132212 0.084698 0.225661
3 0.005695 0.111484 0.011434 0.186947
3 0.519301 0.103680 0.076730 0.163502
