3 0.353705 0.937427 0.032111 0.123868
3 0.924867 0.929652 0.052327 0.139386
3 0.740704 0.937665 0.033884 0.123414
3 0.644002 0.936969 0.032222 0.124498
3 0.867419 0.796228 0.025235 0.057944
3 0.789359 0.771344 0.019163 0.049192
3 0.684954 0.884288 0.044483 0.118719
3 0.824039 0.782748 0.021766 0.051215
3 0.924587 0.805888 0.030266 0.079566
3 0.184721 0.935909 0.032343 0.126703
3 0.761671 0.763701 0.016267 0.043518
3 0.143191 0.929264 0.052529 0.140731
3 0.898877 0.746008 0.018045 0.057179
3 0.625556 0.819699 0.026862 0.080713
3 0.266869 0.887685 0.047567 0.120718
3 0.938634 0.750325 0.017363 0.059982
3 0.868143 0.748813 0.016132 0.038999
3 0.983909 0.765069 0.019231 0.049754
3 0.719320 0.748262 0.014007 0.045635
3 0.841578 0.743466 0.013864 0.038431
3 0.703538 0.748485 0.013148 0.034827
3 0.226873 0.886336 0.034013 0.114763
3 0.607803 0.801375 0.021633 0.069097
3 0.796905 0.737271 0.010283 0.032419
3 0.063064 0.945287 0.030904 0.108724
3 0.689525 0.746437 0.012200 0.030351
3 0.817969 0.739043 0.011741 0.036308
3 0.169686 0.918442 0.020667 0.135867
3 0.781661 0.735387 0.010649 0.029209
3 0.586857 0.778684 0.012885 0.048888
3 0.326480 0.826769 0.017439 0.074280
3 0.317715 0.852011 0.035186 0.092457
3 0.349875 0.821188 0.028240 0.087669
3 0.649130 0.845830 0.034124 0.093854
3 0.596141 0.793563 0.016373 0.049088
3 0.403722 0.786948 0.015227 0.046832
3 0.596009 0.787767 0.016473 0.060116
3 0.738247 0.753374 0.015304 0.046438
3 0.373524 0.805505 0.020820 0.074685
3 0.677456 0.740098 0.008961 0.032861
3 0.285850 0.848866 0.024934 0.094918
3 0.992749 0.832255 0.014177 0.099438
