3 0.750982 0.147502 0.061086 0.145472
3 0.871662 0.144789 0.062898 0.141740
3 0.642004 0.144768 0.051397 0.148474
3 0.019581 0.148127 0.038734 0.091274
3 0.174096 0.116969 0.054597 0.132004
3 0.223432 0.115395 0.048790 0.134880
3 0.062806 0.120570 0.059160 0.137323
3 0.274801 0.117273 0.052819 0.136212
3 0.332948 0.118142 0.054620 0.138481
3 0.647786 0.543679 0.117391 0.366193
3 0.383083 0.124239 0.045644 0.142732
3 0.535142 0.309374 0.075445 0.260785
3 0.120571 0.119209 0.061661 0.135334
3 0.594364 0.445386 0.099601 0.344334
3 0.696411 0.736989 0.179263 0.470944
3 0.482702 0.197527 0.049755 0.185220
3 0.562979 0.366141 0.080788 0.297588
3 0.410129 0.135522 0.036072 0.147455
3 0.515479 0.265661 0.063753 0.228587
3 0.502613 0.225230 0.051657 0.203736
3 0.431590 0.154024 0.042480 0.160649
3 0.457630 0.175524 0.049401 0.170800
3 0.469961 0.117043 0.031736 0.129860
3 0.563185 0.366446 0.080020 0.298141
3 0.984559 0.128626 0.030426 0.106547
3 0.487032 0.193916 0.038797 0.178064
3 0.984342 0.113810 0.030943 0.134696
3 0.705659 0.708946 0.149349 0.413626
