3 0.379677 0.467267 0.084635 0.289231
3 0.625496 0.468514 0.081190 0.194369
3 0.677006 0.468523 0.078959 0.182768
3 0.890587 0.469388 0.071647 0.149413
3 0.835813 0.468871 0.073687 0.155755
3 0.314735 0.465238 0.126994 0.384292
3 0.574000 0.468186 0.085319 0.210444
3 0.781583 0.469598 0.074378 0.161811
3 0.985210 0.470094 0.028700 0.138646
3 0.729286 0.469319 0.075934 0.171216
3 0.508046 0.436483 0.051003 0.168801
3 0.947386 0.469851 0.070960 0.144607
3 0.439509 0.475119 0.062021 0.271733
3 0.203710 0.462181 0.175009 0.585874
3 0.260448 0.463869 0.145993 0.463704
3 0.141972 0.458975 0.220423 0.790302
3 0.401109 0.471182 0.127126 0.297177
3 0.452631 0.392506 0.034996 0.105689
3 0.116816 0.535022 0.231691 0.925938
