3 0.905311 0.515677 0.188222 0.965054
3 0.525375 0.532452 0.266675 0.931420
3 0.086751 0.530543 0.172590 0.935333
3 0.246623 0.549439 0.166043 0.898037
3 0.362359 0.507938 0.108423 0.652703
3 0.156498 0.511779 0.093068 0.905488
3 0.787312 0.556434 0.195365 0.877202
3 0.628218 0.555595 0.110203 0.881226
3 0.312393 0.514649 0.099866 0.746694
3 0.156008 0.425245 0.091720 0.734742
3 0.429453 0.500342 0.076610 0.474279
3 0.252331 0.349132 0.040411 0.428008
3 0.335568 0.566407 0.144101 0.847684
3 0.800333 0.515759 0.169413 0.795057
