3 0.163244 0.765865 0.052850 0.161796
3 0.085212 0.826327 0.079330 0.188016
3 0.222562 0.726075 0.047921 0.144126
3 0.668588 0.660944 0.032708 0.090147
3 0.258121 0.715744 0.045824 0.136982
3 0.190387 0.739346 0.040673 0.151830
3 0.123583 0.787049 0.047765 0.170888
3 0.290873 0.705090 0.037727 0.129572
3 0.324936 0.701775 0.038225 0.124844
3 0.309696 0.675681 0.022038 0.088351
3 0.329197 0.657293 0.029244 0.092694
3 0.298579 0.644193 0.017023 0.072099
3 0.306950 0.642752 0.011724 0.039192
3 0.297951 0.628996 0.013582 0.042109
3 0.305975 0.649526 0.013267 0.053405
3 0.330673 0.657094 0.025387 0.091808
