3 0.511017 0.675494 0.166063 0.636486
3 0.366876 0.233256 0.141291 0.464956
3 0.912661 0.180575 0.063755 0.338221
3 0.359793 0.645830 0.293747 0.704611
3 0.847607 0.212000 0.102123 0.421674
3 0.669478 0.089510 0.116521 0.178066
3 0.916673 0.260040 0.165382 0.501460
3 0.612607 0.488044 0.204718 0.601073
3 0.572823 0.216239 0.179697 0.428642
3 0.120702 0.188788 0.101904 0.376987
3 0.092137 0.537551 0.183490 0.921913
3 0.553136 0.244778 0.228507 0.488975
3 0.228044 0.301495 0.255343 0.602516
3 0.769046 0.091051 0.112568 0.181381
3 0.297139 0.122599 0.057617 0.243869
3 0.752945 0.413105 0.208795 0.772709
3 0.880769 0.094782 0.042731 0.187476
3 0.752666 0.283202 0.205057 0.509097
3 0.857879 0.094263 0.086763 0.187331
3 0.618699 0.592636 0.217709 0.811472
3 0.917394 0.360380 0.164244 0.702114
3 0.228294 0.449852 0.257525 0.901128
3 0.847926 0.317790 0.104696 0.633226
3 0.558299 0.137930 0.201653 0.275054
3 0.752821 0.454050 0.209520 0.852469
