3 0.548672 0.371335 0.096985 0.406325
3 0.383947 0.409189 0.103728 0.407789
3 0.077827 0.516739 0.090068 0.313553
3 0.149141 0.481292 0.088362 0.328343
3 0.271868 0.528532 0.074303 0.310570
3 0.495718 0.434233 0.060214 0.286970
3 0.940249 0.423802 0.118609 0.373289
3 0.033112 0.543329 0.065898 0.275632
3 0.885443 0.412374 0.099423 0.393379
3 0.631158 0.379096 0.052644 0.278225
3 0.330169 0.543336 0.031094 0.137835
3 0.787428 0.380449 0.112512 0.423715
3 0.699125 0.294305 0.111611 0.431390
3 0.606443 0.426107 0.030244 0.185254
3 0.219607 0.580856 0.028665 0.186469
3 0.196885 0.534885 0.025600 0.234305
