3 0.362341 0.657698 0.025513 0.060286
3 0.596706 0.814093 0.045452 0.127526
3 0.563563 0.902073 0.070081 0.168727
3 0.022370 0.738797 0.044420 0.099795
3 0.508031 0.633313 0.018928 0.043441
3 0.379910 0.637181 0.020472 0.048633
3 0.591917 0.629538 0.014215 0.034466
3 0.577096 0.627425 0.014814 0.039237
3 0.608214 0.629146 0.011175 0.033164
3 0.559117 0.630254 0.015157 0.037749
3 0.537497 0.631541 0.017408 0.042153
3 0.760658 0.645834 0.022257 0.099724
3 0.661708 0.687256 0.088229 0.215851
3 0.306243 0.671092 0.031301 0.067191
3 0.739347 0.663036 0.023659 0.130177
3 0.253428 0.679919 0.034226 0.072484
3 0.779529 0.611197 0.021566 0.087164
3 0.483929 0.605632 0.027724 0.108125
3 0.650075 0.643970 0.013793 0.023637
3 0.704677 0.681374 0.053751 0.175524
3 0.727108 0.672356 0.043266 0.150588
3 0.779545 0.619715 0.020379 0.065614
