3 0.871362 0.144956 0.061609 0.143400
3 0.750635 0.147829 0.059851 0.145844
3 0.333726 0.118040 0.053374 0.137650
3 0.641439 0.145061 0.051000 0.149741
3 0.065788 0.121059 0.062786 0.138795
3 0.274799 0.118792 0.053757 0.139505
3 0.224210 0.116615 0.048239 0.139042
3 0.383806 0.124311 0.044988 0.143149
3 0.173449 0.118138 0.051217 0.135266
3 0.120495 0.120412 0.059670 0.138200
3 0.650197 0.543763 0.113780 0.366556
3 0.018687 0.147333 0.037124 0.093627
3 0.409432 0.136212 0.036832 0.149064
3 0.487527 0.192200 0.036541 0.176034
3 0.429068 0.153820 0.045135 0.161434
3 0.534102 0.309049 0.074395 0.260982
3 0.500713 0.225317 0.052428 0.204763
3 0.591132 0.446025 0.104586 0.345260
3 0.456715 0.174012 0.047606 0.170431
3 0.074009 0.011350 0.016226 0.022373
3 0.565040 0.366706 0.074606 0.296048
3 0.514931 0.265142 0.062833 0.231319
3 0.119286 0.010216 0.014355 0.020050
3 0.030326 0.011371 0.016330 0.022293
3 0.471756 0.116949 0.025649 0.128991
3 0.052711 0.011330 0.015068 0.021434
3 0.983555 0.132170 0.032141 0.111564
3 0.692669 0.741639 0.183568 0.482703
3 0.707731 0.706850 0.143541 0.411783
3 0.010016 0.011086 0.016886 0.020957
