3 0.165410 0.477105 0.094300 0.244632
3 0.703658 0.437441 0.170960 0.353392
3 0.077382 0.445276 0.153952 0.367701
3 0.901135 0.347681 0.196331 0.694692
3 0.236408 0.499732 0.057649 0.182665
3 0.609898 0.476940 0.067069 0.232436
3 0.556612 0.500631 0.050128 0.181349
3 0.276555 0.515276 0.046722 0.146636
3 0.293732 0.524524 0.026690 0.123271
3 0.481161 0.532801 0.018896 0.097402
3 0.505013 0.522243 0.028671 0.124470
3 0.327450 0.535664 0.024598 0.100548
3 0.527916 0.512928 0.031680 0.146402
3 0.492440 0.530132 0.019588 0.105445
3 0.321456 0.531783 0.037635 0.111514
3 0.586342 0.479078 0.124659 0.237764
3 0.312935 0.531245 0.021233 0.109795
3 0.501510 0.523172 0.034938 0.125896
3 0.513385 0.513578 0.060527 0.148420
