3 0.193638 0.915305 0.386644 0.167903
3 0.781918 0.369296 0.192400 0.533757
3 0.901827 0.230764 0.095894 0.349489
3 0.432255 0.499384 0.201524 0.723787
3 0.848117 0.133128 0.044806 0.210490
3 0.797395 0.026513 0.018799 0.052395
3 0.805167 0.040957 0.033657 0.081035
3 0.734413 0.036791 0.038860 0.066004
3 0.552860 0.611885 0.347391 0.773113
3 0.763371 0.077513 0.057885 0.154562
3 0.750482 0.056936 0.039504 0.112931
3 0.745724 0.047729 0.048036 0.094232
3 0.821844 0.056545 0.035021 0.109512
3 0.839907 0.022175 0.011526 0.044281
3 0.783986 0.253810 0.160268 0.383094
3 0.900556 0.147831 0.071992 0.248535
3 0.796309 0.208144 0.135395 0.418396
