3 0.111801 0.743844 0.072755 0.088193
3 0.300186 0.705326 0.044889 0.052964
3 0.247798 0.717237 0.062795 0.062046
3 0.188844 0.731584 0.060714 0.070349
3 0.333409 0.696608 0.032970 0.047359
3 0.355386 0.690105 0.028260 0.042673
3 0.380393 0.685897 0.028818 0.039453
3 0.527501 0.645756 0.013988 0.017154
3 0.014880 0.770927 0.029552 0.093527
3 0.399288 0.680810 0.024200 0.036572
3 0.516179 0.646257 0.012114 0.017208
3 0.451924 0.667489 0.020121 0.029116
3 0.419172 0.676071 0.024966 0.033641
3 0.417705 0.677130 0.025123 0.033252
