3 0.057242 0.466828 0.039621 0.123822
3 0.926573 0.441387 0.040232 0.139385
3 0.245329 0.478503 0.054405 0.142004
3 0.026827 0.554887 0.053454 0.225177
3 0.893660 0.437530 0.038202 0.117916
3 0.961358 0.449389 0.055887 0.150630
3 0.195891 0.490578 0.062763 0.149288
3 0.142749 0.504248 0.052564 0.167367
3 0.562711 0.468408 0.041463 0.162148
3 0.493113 0.581414 0.090272 0.340032
3 0.167206 0.474283 0.027850 0.103788
3 0.223632 0.472830 0.026336 0.122294
3 0.856860 0.433009 0.035318 0.098369
3 0.808835 0.421790 0.022128 0.090604
3 0.826922 0.421285 0.024940 0.095932
3 0.425043 0.635261 0.166148 0.434909
3 0.789353 0.425180 0.020174 0.074035
3 0.097066 0.515168 0.079357 0.198931
3 0.843878 0.425297 0.021090 0.094079
3 0.991318 0.502522 0.017240 0.082556
3 0.783037 0.415534 0.017465 0.063580
3 0.526915 0.543242 0.068287 0.274922
3 0.544334 0.498538 0.063024 0.197314
3 0.549957 0.493219 0.054391 0.207438
