3 0.300427 0.836830 0.175852 0.161691
3 0.895225 0.880012 0.200995 0.182507
3 0.247383 0.733894 0.093157 0.102543
3 0.483245 0.717522 0.101812 0.091634
3 0.659689 0.702995 0.087276 0.080746
3 0.054224 0.697099 0.093370 0.082004
3 0.336852 0.680922 0.081173 0.070427
3 0.929160 0.679036 0.075053 0.068258
3 0.810973 0.606531 0.025737 0.032694
3 0.932717 0.610159 0.021803 0.026822
3 0.561742 0.666805 0.068852 0.062853
3 0.021718 0.784910 0.043084 0.050214
3 0.748453 0.656829 0.061459 0.058498
3 0.885329 0.648609 0.050548 0.052306
3 0.662962 0.615208 0.035307 0.036231
3 0.020609 0.627724 0.040664 0.046716
3 0.584544 0.606479 0.018246 0.024787
3 0.696628 0.607111 0.020687 0.026995
3 0.531065 0.614104 0.034917 0.033867
3 0.239825 0.616240 0.037288 0.032581
3 0.182307 0.628866 0.045725 0.032314
3 0.404193 0.611991 0.035087 0.031564
3 0.144667 0.618050 0.037215 0.035214
3 0.101460 0.612473 0.036752 0.030783
3 0.459629 0.618228 0.038674 0.035460
3 0.048256 0.595763 0.023452 0.025164
3 0.372992 0.602680 0.020307 0.024707
3 0.083452 0.597191 0.021466 0.024681
3 0.478170 0.603553 0.024527 0.025561
3 0.048377 0.621599 0.043259 0.032831
3 0.808028 0.691608 0.081473 0.075308
