3 0.190481 0.497934 0.030885 0.069571
3 0.305003 0.489901 0.015660 0.045101
3 0.754563 0.490574 0.021308 0.050923
3 0.915080 0.497243 0.044253 0.087782
3 0.362029 0.488300 0.011178 0.029436
3 0.706377 0.489779 0.008406 0.019205
3 0.389598 0.488262 0.008994 0.023663
3 0.779004 0.491436 0.010059 0.027153
3 0.623613 0.487468 0.008177 0.017895
3 0.965615 0.508223 0.012918 0.026857
3 0.648462 0.489036 0.008512 0.022148
3 0.412693 0.486656 0.007281 0.015127
3 0.668087 0.486465 0.006178 0.012750
3 0.427719 0.485088 0.007135 0.015220
3 0.686856 0.498699 0.008022 0.019748
3 0.606518 0.487084 0.007068 0.015341
3 0.648360 0.492606 0.007420 0.015540
3 0.302748 0.540752 0.012354 0.039241
