3 0.169859 0.508599 0.064282 0.162684
3 0.279757 0.438514 0.037339 0.079981
3 0.046335 0.467223 0.056524 0.144287
3 0.393685 0.469867 0.038059 0.144434
3 0.205555 0.501529 0.046210 0.165262
3 0.091185 0.407621 0.038132 0.111935
3 0.128260 0.464009 0.049035 0.143641
3 0.962377 0.317068 0.036066 0.073053
3 0.308081 0.441994 0.024273 0.077839
3 0.321935 0.485629 0.059817 0.157034
3 0.061995 0.426654 0.018600 0.070867
3 0.211978 0.326605 0.033214 0.109610
3 0.917870 0.308023 0.020947 0.068161
3 0.184282 0.327993 0.031004 0.108971
3 0.881569 0.296989 0.019779 0.063683
3 0.412481 0.421317 0.016196 0.061987
3 0.332451 0.485200 0.039052 0.154366
