3 0.111829 0.693523 0.036573 0.074779
3 0.060471 0.757094 0.048197 0.155540
3 0.027337 0.762170 0.054352 0.156577
3 0.926454 0.562969 0.035675 0.110244
3 0.161715 0.734597 0.058931 0.151598
3 0.867488 0.634066 0.031839 0.103896
3 0.430128 0.619162 0.069045 0.154699
3 0.142125 0.694684 0.022491 0.072427
3 0.255002 0.711284 0.040686 0.141153
3 0.951362 0.742280 0.034764 0.134902
3 0.235866 0.716724 0.053433 0.138729
3 0.290567 0.596547 0.034795 0.128268
3 0.300725 0.700057 0.049349 0.132438
3 0.968665 0.593752 0.024144 0.052190
3 0.371137 0.692291 0.035195 0.122505
3 0.923310 0.757875 0.041374 0.167105
3 0.967507 0.958963 0.035817 0.080728
3 0.968465 0.547524 0.030125 0.109049
3 0.347581 0.693564 0.033838 0.124020
3 0.510601 0.597269 0.013308 0.072163
3 0.765339 0.549837 0.022391 0.071123
3 0.013492 0.593419 0.026834 0.103200
3 0.347879 0.693358 0.033283 0.123473
3 0.992282 0.599158 0.015187 0.052295
3 0.325400 0.676849 0.025127 0.111467
