3 0.025801 0.390445 0.021440 0.041977
3 0.736657 0.530277 0.033204 0.057373
3 0.497710 0.531370 0.044123 0.081004
3 0.208338 0.400465 0.015174 0.032073
3 0.344247 0.409066 0.010542 0.026378
3 0.129808 0.398331 0.018210 0.038831
3 0.266014 0.404009 0.013786 0.028469
3 0.286055 0.402860 0.013560 0.026157
3 0.116269 0.429628 0.033474 0.053528
3 0.642577 0.450454 0.008595 0.020811
3 0.709889 0.465434 0.009980 0.021366
3 0.180561 0.373874 0.007643 0.017749
3 0.782516 0.511771 0.023266 0.045181
3 0.753864 0.487203 0.014983 0.035703
3 0.579095 0.437066 0.009287 0.018208
3 0.063619 0.360688 0.007507 0.017361
3 0.321245 0.430168 0.008973 0.017998
3 0.750312 0.475547 0.008631 0.023968
