3 0.337424 0.755866 0.018121 0.055278
3 0.701038 0.945866 0.028918 0.106154
3 0.597830 0.944747 0.038301 0.109383
3 0.273169 0.750046 0.022449 0.055659
3 0.405743 0.847791 0.027902 0.077391
3 0.553115 0.804415 0.020981 0.064236
3 0.445604 0.942909 0.033276 0.112861
3 0.499022 0.792848 0.022008 0.065237
3 0.714333 0.765424 0.010525 0.051258
3 0.217983 0.912331 0.079691 0.173625
3 0.578336 0.852355 0.030767 0.078110
3 0.374135 0.695745 0.018040 0.073189
3 0.500601 0.940285 0.079534 0.118082
3 0.285456 0.842369 0.019545 0.079114
3 0.299461 0.925044 0.071571 0.148498
3 0.366403 0.932260 0.073060 0.134225
3 0.368145 0.672805 0.010060 0.030078
3 0.145049 0.878947 0.088211 0.163164
3 0.593223 0.847312 0.022016 0.074032
