3 0.790692 0.866707 0.017071 0.026958
3 0.305444 0.896461 0.018855 0.031810
3 0.188278 0.888426 0.053547 0.056315
3 0.458122 0.891493 0.041038 0.061190
3 0.335349 0.891576 0.044281 0.061387
3 0.046304 0.893793 0.051429 0.045207
3 0.770577 0.863193 0.016236 0.021979
3 0.725236 0.851895 0.013414 0.018219
3 0.129849 0.865730 0.017404 0.022267
3 0.272554 0.888720 0.042460 0.055102
3 0.523114 0.890659 0.045871 0.059380
3 0.754544 0.859138 0.013081 0.020038
3 0.004406 0.893067 0.008819 0.041606
3 0.104611 0.887963 0.039364 0.052862
3 0.396451 0.891658 0.045242 0.060973
3 0.744066 0.855245 0.011545 0.018219
3 0.056638 0.868315 0.016431 0.016175
