3 0.403167 0.551058 0.018312 0.070371
3 0.355711 0.558993 0.010366 0.032061
3 0.312165 0.559209 0.010366 0.033755
3 0.240938 0.557030 0.020333 0.070809
3 0.593761 0.559011 0.017661 0.037678
3 0.150116 0.553595 0.013157 0.057801
3 0.252834 0.546899 0.012189 0.054570
3 0.094840 0.576824 0.008134 0.022727
3 0.610804 0.562296 0.021468 0.027266
3 0.173832 0.577707 0.009759 0.028498
3 0.195937 0.577061 0.037464 0.028524
3 0.044427 0.581613 0.011800 0.030793
3 0.393701 0.560081 0.007621 0.034562
3 0.476795 0.572774 0.026982 0.019191
3 0.230209 0.573268 0.006942 0.024323
3 0.148272 0.573571 0.009385 0.025277
3 0.104828 0.580178 0.009919 0.027436
3 0.122327 0.580362 0.045493 0.029162
3 0.062063 0.581373 0.046796 0.029158
3 0.192157 0.577144 0.045168 0.029060
