0 0.644882 0.214432 0.051835 0.083395
0 0.769004 0.220313 0.036532 0.047600
0 0.864765 0.179074 0.062118 0.070955
0 0.587160 0.200438 0.036015 0.050637
0 0.984078 0.196469 0.030763 0.089343
0 0.435290 0.246483 0.031187 0.045764
0 0.399559 0.250196 0.025974 0.034102
0 0.536880 0.226230 0.032079 0.040576
0 0.932604 0.230424 0.026600 0.033702
0 0.816321 0.239820 0.033392 0.043388
0 0.483295 0.230796 0.032481 0.037490
0 0.502100 0.224010 0.025480 0.043238
0 0.988114 0.208674 0.022991 0.066722
0 0.983617 0.179989 0.029192 0.056348
