0 0.633561 0.455594 0.063667 0.063953
0 0.399323 0.473438 0.053888 0.059986
0 0.707640 0.342844 0.092865 0.082577
0 0.559870 0.515974 0.044903 0.048181
0 0.461750 0.526649 0.048401 0.046692
0 0.836758 0.343081 0.089501 0.076746
0 0.348582 0.521691 0.049021 0.039145
0 0.510799 0.464474 0.053936 0.060425
0 0.232250 0.422495 0.075722 0.074690
0 0.232134 0.422492 0.075885 0.075451
0 0.707715 0.342894 0.094268 0.084445
0 0.966692 0.583718 0.035750 0.045700
0 0.836906 0.343016 0.090230 0.077991
0 0.510886 0.464381 0.054516 0.061299
0 0.633536 0.455512 0.064344 0.064436
0 0.837289 0.343935 0.103201 0.094713
0 0.399258 0.473420 0.054468 0.060613
