0 0.909764 0.268665 0.071830 0.076259
0 0.292938 0.254710 0.057947 0.059646
0 0.618346 0.252116 0.059573 0.069777
0 0.486960 0.249224 0.063049 0.067769
0 0.217186 0.328970 0.045803 0.047620
0 0.440226 0.301701 0.043097 0.054687
0 0.759318 0.307107 0.048970 0.061751
0 0.843466 0.328663 0.043669 0.043340
0 0.662168 0.306877 0.048700 0.065807
0 0.547277 0.332582 0.050637 0.052721
0 0.110477 0.331143 0.044328 0.051992
0 0.793078 0.337882 0.029764 0.042721
0 0.560678 0.289215 0.033521 0.039834
0 0.143271 0.358813 0.031230 0.035242
0 0.080830 0.334435 0.025690 0.055026
0 0.708530 0.339956 0.033375 0.039866
0 0.409065 0.361540 0.018765 0.021522
