0 0.754964 0.079404 0.171593 0.157958
0 0.419475 0.200937 0.120165 0.162616
0 0.485535 0.111591 0.082125 0.087637
0 0.594761 0.074184 0.058186 0.067765
0 0.926464 0.083995 0.119750 0.131367
0 0.182545 0.159850 0.049325 0.060176
0 0.978230 0.048973 0.041996 0.097301
0 0.222255 0.156492 0.032820 0.039726
0 0.251203 0.178243 0.038689 0.042528
0 0.317298 0.171378 0.027892 0.031389
0 0.355564 0.168113 0.032803 0.054402
0 0.846328 0.094305 0.047162 0.081595
0 0.544467 0.141003 0.035025 0.042342
0 0.968068 0.048934 0.062160 0.097477
