0 0.649102 0.420088 0.093103 0.118329
0 0.374317 0.456330 0.085979 0.121146
0 0.733277 0.020496 0.045664 0.040822
0 0.868874 0.030698 0.021369 0.021982
0 0.765932 0.041149 0.038470 0.042230
0 0.419048 0.387294 0.068872 0.096361
0 0.816845 0.055757 0.023121 0.031577
0 0.394153 0.113803 0.031575 0.037429
0 0.613990 0.390593 0.064992 0.094092
0 0.198036 0.186804 0.022173 0.019316
0 0.352769 0.103426 0.017010 0.018519
0 0.419104 0.386978 0.069954 0.096758
0 0.613683 0.390245 0.065098 0.094740
0 0.765961 0.041063 0.038903 0.042611
0 0.421153 0.387023 0.091875 0.114995
0 0.733259 0.020694 0.046695 0.041126
