0 0.541753 0.474636 0.032720 0.050665
0 0.084257 0.109429 0.046824 0.049104
0 0.408629 0.513586 0.038997 0.038966
0 0.710058 0.385743 0.034797 0.052077
0 0.175439 0.173520 0.029569 0.035792
0 0.439099 0.283201 0.032830 0.049260
0 0.649731 0.204986 0.028106 0.036876
0 0.399883 0.393151 0.028958 0.048524
0 0.718209 0.154210 0.024942 0.029845
0 0.583367 0.503287 0.028271 0.029269
0 0.535635 0.203304 0.028155 0.039692
0 0.346548 0.384555 0.026346 0.033556
0 0.689705 0.219850 0.024716 0.036798
0 0.111322 0.279612 0.051172 0.049942
0 0.144188 0.125883 0.036277 0.038976
0 0.757558 0.189706 0.025981 0.028784
0 0.592347 0.184708 0.020243 0.022339
0 0.375102 0.251689 0.026173 0.025356
0 0.412287 0.243862 0.024424 0.028862
0 0.791988 0.121651 0.028254 0.036215
0 0.716412 0.700474 0.046188 0.053389
0 0.353433 0.413806 0.027518 0.037991
