0 0.928354 0.418587 0.043331 0.059882
0 0.198860 0.328437 0.037404 0.065695
0 0.798858 0.425965 0.031412 0.046660
0 0.072501 0.341712 0.037075 0.054549
0 0.341920 0.352130 0.038999 0.063618
0 0.403653 0.426976 0.026886 0.045686
0 0.702326 0.389163 0.033818 0.075632
0 0.574421 0.417687 0.032333 0.051131
0 0.493437 0.390046 0.028931 0.043656
0 0.302109 0.429193 0.027616 0.041911
0 0.452807 0.372212 0.036445 0.053958
0 0.538019 0.454089 0.026835 0.049358
0 0.654871 0.407879 0.034726 0.063811
0 0.632082 0.389669 0.026846 0.053932
