0 0.488534 0.398342 0.068635 0.070984
0 0.374199 0.425973 0.064486 0.068761
0 0.818375 0.380102 0.078064 0.088350
0 0.223887 0.421357 0.053358 0.057834
0 0.630872 0.426115 0.067927 0.073681
0 0.987924 0.444884 0.023313 0.063394
0 0.290525 0.437559 0.056045 0.054075
0 0.818153 0.380072 0.079111 0.090692
0 0.488211 0.398327 0.068966 0.071893
0 0.818054 0.379841 0.079919 0.090312
0 0.223914 0.421383 0.053881 0.058845
0 0.487956 0.398347 0.077306 0.079810
0 0.374225 0.425981 0.065164 0.069661
0 0.817284 0.380267 0.094211 0.105818
0 0.487920 0.398170 0.070527 0.072510
0 0.630768 0.426606 0.070327 0.076591
0 0.290494 0.437454 0.056422 0.054402
0 0.817034 0.382526 0.109521 0.121082
0 0.487537 0.400625 0.086962 0.091486
