0 0.384976 0.559888 0.050467 0.045444
0 0.623501 0.569123 0.050095 0.052965
0 0.173907 0.541019 0.071647 0.052277
0 0.533925 0.596352 0.058886 0.056456
0 0.876405 0.582390 0.041195 0.041240
0 0.039584 0.556905 0.078506 0.067380
0 0.502203 0.526618 0.035521 0.041976
0 0.572668 0.394643 0.026861 0.036786
0 0.734120 0.321193 0.024895 0.025594
0 0.686883 0.396747 0.023634 0.022364
0 0.083786 0.539360 0.035917 0.035020
0 0.609804 0.418707 0.031481 0.032539
0 0.987886 0.580055 0.023269 0.051309
0 0.564410 0.594199 0.027163 0.037002
0 0.818223 0.327624 0.023221 0.027852
0 0.650843 0.402075 0.022881 0.030580
0 0.656613 0.499583 0.025102 0.043588
0 0.257454 0.505319 0.021450 0.022822
