0 0.929086 0.278528 0.064135 0.074057
0 0.846607 0.290950 0.079006 0.068502
0 0.413927 0.284579 0.042946 0.050458
0 0.561736 0.280359 0.049705 0.049431
0 0.298923 0.306393 0.044781 0.040104
0 0.709027 0.276159 0.050690 0.055867
0 0.493669 0.284486 0.036792 0.041140
0 0.663686 0.277426 0.040288 0.048289
0 0.757935 0.298420 0.046684 0.042374
0 0.100672 0.289587 0.040406 0.048103
0 0.181388 0.405125 0.038564 0.055289
0 0.194258 0.302755 0.033025 0.048942
0 0.006504 0.295214 0.012760 0.040451
0 0.526638 0.296889 0.037344 0.040541
