0 0.827165 0.306784 0.059064 0.089915
0 0.603114 0.186639 0.037332 0.051000
0 0.328417 0.178582 0.047088 0.045416
0 0.670967 0.147198 0.037231 0.051211
0 0.140890 0.203609 0.037808 0.035114
0 0.446350 0.199442 0.035233 0.050678
0 0.077464 0.202868 0.036488 0.037898
0 0.226283 0.205475 0.030638 0.028556
0 0.483075 0.225253 0.038368 0.045003
0 0.700534 0.153443 0.027030 0.030612
0 0.209639 0.238678 0.035336 0.037717
0 0.009610 0.186739 0.019102 0.041910
0 0.051927 0.257229 0.022340 0.031682
0 0.535666 0.223191 0.017375 0.023159
