0 0.107512 0.395275 0.110375 0.086171
0 0.371014 0.428092 0.066258 0.067928
0 0.723981 0.480976 0.035894 0.029331
0 0.417272 0.454966 0.040770 0.055029
0 0.891926 0.485891 0.029764 0.030070
0 0.496857 0.443983 0.041802 0.036430
0 0.468508 0.464764 0.048683 0.043177
0 0.843969 0.490531 0.030984 0.033017
0 0.823785 0.486534 0.025701 0.031772
0 0.787565 0.500623 0.020631 0.022560
0 0.601180 0.495228 0.035750 0.043297
0 0.935261 0.490272 0.035719 0.033022
0 0.681458 0.493832 0.019197 0.018924
0 0.655631 0.494347 0.038298 0.040530
