0 0.331735 0.320053 0.056607 0.063882
0 0.087405 0.287841 0.049642 0.056518
0 0.025383 0.258833 0.042534 0.041262
0 0.411702 0.358470 0.055794 0.064339
0 0.718904 0.354016 0.059204 0.065421
0 0.559724 0.345130 0.056154 0.065542
0 0.235801 0.348110 0.031619 0.030382
0 0.783140 0.356451 0.077983 0.087549
0 0.512992 0.315951 0.049718 0.048455
0 0.783248 0.356502 0.078433 0.088637
0 0.559990 0.344941 0.056419 0.065670
0 0.718855 0.353938 0.059556 0.066039
0 0.512979 0.315947 0.049790 0.048500
0 0.331755 0.322278 0.073298 0.083736
0 0.331456 0.319860 0.056834 0.063498
0 0.411681 0.358390 0.056793 0.065115
0 0.087299 0.288035 0.050732 0.057942
