0 0.568609 0.369615 0.054668 0.049975
0 0.196965 0.360231 0.058502 0.057268
0 0.849692 0.393552 0.049394 0.061589
0 0.054386 0.348226 0.060796 0.076684
0 0.423874 0.366135 0.046897 0.052626
0 0.758378 0.417525 0.041461 0.041263
0 0.329136 0.410443 0.037007 0.066054
0 0.647226 0.393320 0.038174 0.047556
0 0.259711 0.415262 0.041165 0.052143
0 0.358446 0.385570 0.030399 0.042186
0 0.154054 0.401554 0.039754 0.040454
0 0.519226 0.372819 0.033587 0.041234
0 0.106612 0.409555 0.034062 0.037698
0 0.989900 0.458999 0.019782 0.026686
0 0.940975 0.443063 0.037783 0.027570
0 0.894944 0.449823 0.019171 0.024005
0 0.873923 0.447992 0.022984 0.024819
