0 0.485581 0.691209 0.044099 0.045561
0 0.674012 0.607294 0.079192 0.086601
0 0.381675 0.602042 0.115636 0.123221
0 0.571890 0.635140 0.039302 0.040266
0 0.556935 0.694823 0.055435 0.056600
0 0.067612 0.623129 0.082177 0.080832
0 0.020392 0.686548 0.029483 0.043204
0 0.485476 0.691182 0.044033 0.045338
0 0.673795 0.607152 0.080115 0.087550
0 0.381498 0.601881 0.116246 0.124041
0 0.067617 0.623042 0.082695 0.081661
0 0.673504 0.606890 0.080531 0.087633
0 0.381472 0.601633 0.129437 0.136568
0 0.067586 0.622950 0.083682 0.081985
0 0.381301 0.601711 0.117426 0.124455
0 0.381352 0.604626 0.153104 0.155501
0 0.674116 0.609922 0.102174 0.111452
