0 0.240498 0.332082 0.042570 0.049975
0 0.147566 0.350176 0.037779 0.035298
0 0.935382 0.282644 0.055297 0.054765
0 0.599310 0.460086 0.034249 0.042710
0 0.727437 0.302662 0.031068 0.041985
0 0.478997 0.402125 0.030528 0.045724
0 0.872554 0.307950 0.042252 0.039606
0 0.426622 0.316147 0.028882 0.038156
0 0.372937 0.346019 0.042431 0.047127
0 0.678474 0.309176 0.029140 0.034359
0 0.805668 0.303231 0.032986 0.036981
0 0.588951 0.312978 0.025478 0.037143
0 0.565196 0.338950 0.044198 0.045398
0 0.523142 0.318526 0.023353 0.036656
0 0.543572 0.324770 0.024864 0.033446
0 0.116634 0.342998 0.020407 0.027051
0 0.352946 0.328185 0.025046 0.029534
0 0.677190 0.316277 0.032172 0.048848
