0 0.655955 0.165636 0.105274 0.104240
0 0.096371 0.204506 0.192131 0.285708
0 0.757347 0.230723 0.110107 0.105888
0 0.898910 0.286328 0.073598 0.062381
0 0.188616 0.230777 0.083147 0.092550
0 0.463271 0.297505 0.050254 0.066398
0 0.717112 0.199105 0.031323 0.072098
0 0.522766 0.324406 0.043256 0.043162
0 0.580386 0.262937 0.069371 0.086121
0 0.554752 0.281594 0.028939 0.068136
0 0.301208 0.303797 0.028427 0.029750
0 0.817648 0.286241 0.029761 0.040439
0 0.336863 0.320409 0.032978 0.046196
0 0.856114 0.298852 0.030222 0.027136
0 0.979652 0.306521 0.038543 0.038025
0 0.408526 0.286506 0.043345 0.051194
