0 0.243316 0.440351 0.032219 0.036351
0 0.940650 0.353667 0.100780 0.089932
0 0.631797 0.374449 0.049817 0.056410
0 0.454555 0.411886 0.061264 0.059192
0 0.172479 0.422668 0.028957 0.030622
0 0.504908 0.427606 0.036722 0.035346
0 0.817251 0.390593 0.080905 0.072396
0 0.366432 0.431299 0.032859 0.033455
0 0.657487 0.427206 0.028036 0.030182
0 0.598066 0.415622 0.022718 0.030058
0 0.317878 0.420910 0.049002 0.049063
0 0.454315 0.414300 0.073901 0.079274
0 0.631783 0.375011 0.062682 0.072889
0 0.817928 0.391296 0.095431 0.096925
0 0.295901 0.455834 0.020071 0.035830
0 0.938430 0.360385 0.112871 0.125331
