0 0.630618 0.247599 0.034570 0.049215
0 0.717217 0.271592 0.070983 0.096211
0 0.588473 0.252034 0.040072 0.060350
0 0.378232 0.274309 0.017947 0.024217
0 0.561959 0.238642 0.025021 0.035413
0 0.302745 0.306989 0.077907 0.132912
0 0.668617 0.259237 0.024094 0.037195
0 0.482033 0.279549 0.016411 0.022941
0 0.506327 0.290855 0.016019 0.016908
0 0.464382 0.281262 0.020239 0.025106
0 0.717379 0.271521 0.071530 0.096703
0 0.717879 0.273708 0.089220 0.117858
0 0.442240 0.314214 0.017534 0.023214
0 0.304806 0.306804 0.083948 0.135248
0 0.302107 0.305966 0.113672 0.159041
