0 0.869461 0.277682 0.075963 0.079302
0 0.130725 0.362280 0.069900 0.069527
0 0.794289 0.395030 0.039063 0.040319
0 0.613095 0.415321 0.032928 0.047155
0 0.472428 0.385425 0.038547 0.039766
0 0.069421 0.202932 0.109124 0.122586
0 0.214179 0.397930 0.045767 0.044780
0 0.296440 0.404488 0.034868 0.043256
0 0.663554 0.396462 0.032848 0.036975
0 0.506915 0.429600 0.028753 0.041376
0 0.842332 0.375595 0.041022 0.061385
0 0.429677 0.473020 0.024448 0.035425
0 0.268864 0.422310 0.025234 0.030770
0 0.248079 0.426885 0.027496 0.038225
