1 0.11385 0.4059375 0.09380833333333333 0.1318625
1 0.18325 0.42665 0.045925 0.077
1 0.26193333333333335 0.4500875 0.049550000000000004 0.08497500000000001
1 0.3345666666666667 0.45221249999999996 0.05046666666666667 0.0725625
1 0.264 0.3802875 0.04936666666666667 0.063
1 0.3663 0.41057499999999997 0.0107 0.018000000000000002
1 0.40936666666666666 0.414375 0.013475 0.016325
1 0.38435833333333336 0.41918750000000005 0.009158333333333334 0.0111375
1 0.434275 0.418125 0.009575 0.0117875
1 0.421 0.41761249999999994 0.008966666666666666 0.01355
1 0.4441333333333334 0.542575 0.09226666666666666 0.1492
1 0.48635833333333334 0.3929875 0.04583333333333333 0.0874625
1 0.5175416666666667 0.4237375 0.02298333333333333 0.0674625
1 0.56125 0.4272125 0.04125 0.064225
1 0.622475 0.5044124999999999 0.07849166666666667 0.12992499999999998
1 0.6110833333333333 0.37001249999999997 0.06374166666666667 0.08967499999999999
1 0.6397916666666666 0.41456249999999994 0.006316666666666667 0.013925
1 0.6476333333333333 0.41613750000000005 0.0059499999999999996 0.011512500000000002
1 0.6550750000000001 0.416325 0.005391666666666666 0.008175
1 0.6864083333333334 0.4170125 0.006925000000000001 0.0105
1 0.6958833333333333 0.4172 0.006741666666666667 0.014575
1 0.7678833333333334 0.43494999999999995 0.053808333333333326 0.0954375
1 0.8389416666666667 0.553025 0.07614166666666668 0.1472875
1 0.7269666666666666 0.419775 0.005025 0.0120625
1 0.7490083333333333 0.41485 0.006383333333333334 0.01315
1 0.73335 0.416425 0.006625 0.0111875