0 0.049962 0.180984 0.026873 0.071575
0 0.925531 0.244027 0.025802 0.065980
0 0.078851 0.497559 0.029035 0.076897
0 0.553254 0.539888 0.025415 0.077005
0 0.682439 0.531699 0.027016 0.079392
0 0.866254 0.561491 0.028493 0.080963
0 0.117349 0.229610 0.023874 0.067346
0 0.880300 0.146068 0.021750 0.054498
0 0.864443 0.256229 0.026490 0.066261
0 0.789585 0.550212 0.026610 0.069721
0 0.199046 0.202676 0.026283 0.073135
0 0.244795 0.208236 0.027416 0.078577
0 0.576517 0.182194 0.023252 0.062677
0 0.352277 0.190315 0.025048 0.060829
0 0.210227 0.530669 0.027447 0.072460
0 0.954061 0.586138 0.025874 0.073767
0 0.613683 0.214965 0.022618 0.065476
0 0.364856 0.959023 0.026735 0.074570
0 0.405584 0.222798 0.024113 0.060604
0 0.751734 0.215594 0.024266 0.064280
0 0.695021 0.178867 0.024750 0.071125
0 0.374941 0.176317 0.022675 0.061567
0 0.500096 0.503054 0.025237 0.067294
0 0.157502 0.197418 0.024906 0.070311
0 0.778748 0.186996 0.021240 0.054465
0 0.506846 0.926735 0.026567 0.081140
0 0.131417 0.846335 0.028002 0.109519
0 0.256528 0.526317 0.025992 0.074201
0 0.733164 0.527243 0.025539 0.070963
0 0.811554 0.244306 0.025319 0.066049
0 0.645412 0.240069 0.023064 0.057725
0 0.482693 0.207456 0.023177 0.059222
0 0.820138 0.161423 0.021713 0.062270
0 0.300201 0.225313 0.025736 0.067615
0 0.419248 0.969913 0.030384 0.054982
0 0.611790 0.498232 0.025200 0.077285
0 0.555905 0.258182 0.024402 0.060901
0 0.667301 0.223758 0.020806 0.048560
0 0.311337 0.556001 0.026303 0.074682
0 0.717306 0.181824 0.021836 0.055808
