1 0.04278125 0.319078125 0.084671875 0.24440625
1 0.12 0.380015625 0.087328125 0.129671875
1 0.4931875 0.45814062499999997 0.083703125 0.080578125
1 0.222921875 0.42221875000000003 0.02615625 0.029343750000000002
1 0.25568749999999996 0.4073125 0.0224375 0.03265625
1 0.286390625 0.4415 0.02765625 0.047828125
1 0.303953125 0.4266875 0.020624999999999998 0.029249999999999998
1 0.344046875 0.43315625 0.02153125 0.045203125
1 0.3714375 0.435328125 0.018109375 0.03446875
1 0.36326562500000004 0.40456250000000005 0.020828125 0.026125
1 0.62315625 0.4733125 0.02978125 0.032171875
1 0.639359375 0.42328124999999994 0.0270625 0.03746875
1 0.656015625 0.40787500000000004 0.028265625 0.033765625
1 0.750140625 0.40415625000000005 0.02384375 0.016296875
1 0.7702656250000001 0.395671875 0.018921874999999998 0.02040625
1 0.80990625 0.42142187499999995 0.01590625 0.014687500000000001
1 0.827515625 0.46312499999999995 0.040078125 0.04290625